@Right hand swipe left
-0.378890737265109
-0.797999772044346
-1.06328623342904
-0.500724058458586
-0.725649698478765
-0.870816131394236
-0.668792273395377
-0.502787409577012
-0.410589966187174
0.835441220522171
-0.393174786036741
-0.140335527564324
1.22147003876269
-0.0695918035501072
-0.647258447210286
1.43122059922766
0.16213192665747
-0.826583876128632
~
-0.378633873310742
-0.798139924954897
-1.06299208896133
-0.499795822739528
-0.726189253673355
-0.86997885500717
-0.668704568450899
-0.503866971281354
-0.410227672815318
0.827115784060707
-0.396217170538123
-0.152662973833467
1.17167012940238
-0.160218634761259
-0.679595364953521
1.40128430578102
0.170028806904814
-0.854154279539838
~
-0.385851978894319
-0.802281021879487
-1.06565006605779
-0.502537330702684
-0.729398323247186
-0.870014046878641
-0.669727194008512
-0.50519473617977
-0.410397402334722
0.823088122682836
-0.399109162697058
-0.165128151446468
1.16472540106891
-0.0686500677777621
-0.69993670020482
1.3818508374721
0.175625705949748
-0.87612981629154
~
-0.381702319026881
-0.803622637775534
-1.06318637507544
-0.501587877138745
-0.730975499227867
-0.869344181941047
-0.667938845651569
-0.507137015055437
-0.409381505430722
0.820070393257596
-0.399490336672015
-0.172680158980626
1.14236065197364
-0.0273235006279866
-0.690598593026741
1.37043672725025
0.179625619328578
-0.891464881738409
~
-0.383061183777808
-0.803041733997278
-1.06660434292071
-0.50240504225194
-0.732720586099088
-0.871380184674391
-0.665733031539114
-0.509750198149076
-0.409682336899562
0.820624340015479
-0.399652983714032
-0.175299786202111
1.15896761778245
-0.0462720482199057
-0.696484635439374
1.36812059047955
0.180004189647001
-0.894712572210017
~
-0.379933261633026
-0.803849267779763
-1.06640335777126
-0.501554013372452
-0.73273196451282
-0.873057820106679
-0.664208931364223
-0.510889596213156
-0.411184435662731
0.819054771493373
-0.3972614438049
-0.172348213431724
1.15888640062958
-0.0484823079212256
-0.694726274853947
1.36827688516331
0.178826127631279
-0.892682808033962
~
-0.381799011890085
-0.80581386790992
-1.06854104926099
-0.500115480134539
-0.733633291630128
-0.87383999411088
-0.666146205507697
-0.50782054990197
-0.416238146800723
0.819254943513381
-0.397500899263204
-0.172272291330192
1.1637224414431
-0.0547702751655603
-0.694229849014982
1.36835423906433
0.178457660306424
-0.889880084358618
~
-0.376734798318978
-0.805242199008979
-1.06665377104854
-0.49930554915649
-0.733835435343237
-0.874331708616495
-0.667638050434573
-0.505713876018878
-0.419156326970017
0.810339181036889
-0.403114242548071
-0.17193885919711
1.13883793655634
-0.0284772362776982
-0.680894405016425
1.36780120499736
0.178696709877854
-0.889670956987074
~
-0.377521214982002
-0.803766179556561
-1.0672831678514
-0.498878047089497
-0.733461741567361
-0.873929572720791
-0.669582516923421
-0.503861457064752
-0.421057586667995
0.808417178426061
-0.403139359388185
-0.176812396182719
1.12893671111756
-0.0266651350851055
-0.688827674588338
1.34638679071012
0.181781746377277
-0.902953898562217
~
-0.376727420030279
-0.803194250607157
-1.06780388018257
-0.498977587072202
-0.733740672389158
-0.874758527243969
-0.668716935466162
-0.504682283568859
-0.421554731912739
0.805609444655239
-0.405008208818768
-0.19512590095631
1.09605715885932
-0.0215109484605973
-0.719938091307893
1.27595949203355
0.178379269479844
-0.935074660172489
~
-0.375892940663553
-0.803874652197446
-1.06764522043451
-0.498911410707565
-0.733905124317404
-0.87524258580033
-0.665908290318702
-0.506173246560753
-0.420401934216899
0.808537751069942
-0.403686536607896
-0.226639273449761
1.06517819232387
-0.0114749862152098
-0.762920988799053
1.21041959502014
0.175469717185288
-0.96472623958472
~
-0.379503098644451
-0.805711766908174
-1.0701054805761
-0.498741432456646
-0.734027978721306
-0.875733462704421
-0.6630701188197
-0.509200723100595
-0.41806668048002
0.820722821794096
-0.403145817975417
-0.282623590394948
1.04012843503447
0.0107743993439997
-0.819494667045319
1.15570763858129
0.181603158795648
-0.992188126814345
~
-0.380008763265073
-0.807025017115387
-1.0700130856295
-0.498751136353637
-0.734680243226893
-0.874735470367211
-0.66434951982901
-0.508049557062829
-0.416938401770615
0.825400764901422
-0.404986579958774
-0.327188689704886
1.00639082591226
0.0193593230598115
-0.872939567586262
1.10758591725493
0.189726386863079
-1.01889338583561
~
-0.37528352030995
-0.807853571632472
-1.06774226768578
-0.499077935167568
-0.735780392068636
-0.874427172488909
-0.665100547961385
-0.507999452798119
-0.415325862595209
0.821728752412758
-0.404660383252248
-0.351900964693203
0.982220993018421
0.0236751364823417
-0.904224819037031
1.06357484405868
0.197108941902331
-1.0466563300941
~
-0.370856254022998
-0.809185453491489
-1.07016086071658
-0.49678697782088
-0.737496138585833
-0.877276693235464
-0.6622851086571
-0.512367424226918
-0.415119081121672
0.826651335418579
-0.410850605079836
-0.390494950410275
0.948481365510595
0.0402571550579878
-0.936218150075215
1.02276718223358
0.204097730966359
-1.06852224584555
~
-0.375298869624996
-0.81162065305304
-1.0749882560053
-0.495428603655085
-0.738598563850104
-0.877886486060323
-0.661496414998185
-0.514388397243036
-0.413285826173637
0.827757952194076
-0.410281733863607
-0.41827783551712
0.929367322973655
0.0469883826844269
-0.966274759648315
0.986758172187076
0.209705284143698
-1.08901156068392
~
-0.376559222254808
-0.81309090629347
-1.07120984473867
-0.497498659667757
-0.739173318562555
-0.874013824176546
-0.664049754856955
-0.511493294136151
-0.409222622406148
0.825036952331277
-0.406577458981264
-0.429116683675686
0.91012779087266
0.0483500111822215
-0.985418296667131
0.957635415370738
0.213450619582259
-1.11150885651417
~
-0.373988765394028
-0.813483911230277
-1.07024215742332
-0.496824554527386
-0.739920461550682
-0.873002824387807
-0.663402929329893
-0.514030511312719
-0.403509279863782
0.808947257889618
-0.377378406005005
-0.471826875917176
0.891406835527049
0.0743663305455246
-1.03691383207886
0.927119835910331
0.216794898012595
-1.13329215430646
~
-0.372347541356739
-0.814178735574285
-1.06800267937112
-0.496410255411877
-0.740089645630603
-0.870868998532515
-0.667722088566696
-0.510759273354551
-0.402436381114991
0.805769569097196
-0.385354061486526
-0.472760321672122
0.866260470726337
0.0678635086734414
-1.04331389517291
0.899118187908539
0.22071095016056
-1.15859381104649
~
-0.370689202340091
-0.81703558814726
-1.06800821204754
-0.495622733498287
-0.742254070840991
-0.870545601164993
-0.668529409195956
-0.512015040158238
-0.399940002636315
0.769976801389396
-0.371895622249793
-0.509019766808933
0.846506746436227
0.0821028823525469
-1.0817022279333
0.867572415637309
0.219432623563384
-1.18086098366149
~
-0.368830313182177
-0.819148360662869
-1.06567359817477
-0.496681107189372
-0.74507565879934
-0.869010622073777
-0.66982781460826
-0.511298448656354
-0.397710167529044
0.776214557715958
-0.37450191286513
-0.508495481997221
0.819374571352932
0.0803684197832447
-1.08800767682457
0.832564225928583
0.224418010252602
-1.19850595749889
~
-0.366228893551157
-0.823068746359284
-1.06906491252863
-0.496608413502906
-0.747631991243346
-0.868999727000463
-0.671743643911839
-0.511784262094333
-0.396403763309692
0.76896331170599
-0.374982978211291
-0.518576277843816
0.769910689380208
0.0960618440309085
-1.0907185125976
0.793964969218629
0.227296826681125
-1.21109489524542
~
-0.366418611201751
-0.828937429918573
-1.07265582065575
-0.498054465111713
-0.752303456617938
-0.868367805138899
-0.675408868598725
-0.510317214951773
-0.396288078747075
0.75828561687921
-0.375538027969612
-0.529967975665768
0.748700599665117
0.098465958770723
-1.10489641656155
0.756239082041416
0.231982138148348
-1.22484379979787
~
-0.369134050801504
-0.839123442666321
-1.08640635335212
-0.496604866034078
-0.760349440149732
-0.8769526464908
-0.677926647605232
-0.516898815842107
-0.398486045709905
0.738306046563256
-0.36069783481105
-0.562694164301411
0.72077379633877
0.118196055376696
-1.14604999997265
0.721340585378292
0.237307516354361
-1.24790717191601
~
-0.367508499031229
-0.852697207518683
-1.10425519384831
-0.49864824412973
-0.772500477459369
-0.89153934682034
-0.685871218795526
-0.524448486561157
-0.402912024328066
0.714287449996986
-0.326497119048184
-0.616377104191658
0.686612662131117
0.163329696397277
-1.21187276506719
0.69318591953539
0.255603641024943
-1.28266338116657
~
-0.36175390475724
-0.873896663122255
-1.13408914359546
-0.498362848084921
-0.791479549414251
-0.917803718861004
-0.689668714676351
-0.538253242439853
-0.414843543112287
0.737753966290282
-0.352548053056525
-0.624069187595071
0.664043364490816
0.150735906582372
-1.23134607553176
0.669389903631269
0.264705737327056
-1.31554280143617
~
-0.359275913185488
-0.892518377837892
-1.15727417547988
-0.501651031870277
-0.808692839154572
-0.937944121979641
-0.696027615368687
-0.546637046605422
-0.422909408783369
0.760000375286874
-0.366000538310066
-0.635351776047857
0.662142615158479
0.0641774651997082
-1.20574959417876
0.648009598305076
0.276098749460234
-1.35439866076564
~
-0.352725928063792
-0.923285272210219
-1.19558237429552
-0.504025809873869
-0.837305920141851
-0.971167032578565
-0.704263489873292
-0.563430307074949
-0.437344775755285
0.78596550520593
-0.372359238624541
-0.660588229668659
0.662741287669536
0.0858380942448119
-1.25993535390854
0.638745927210971
0.293718526100359
-1.41223933404932
~
-0.343715716515332
-0.973510954499801
-1.24787316127832
-0.501956615443135
-0.884897033858083
-1.01715154534433
-0.709245421917846
-0.599262003047876
-0.464384630161893
0.802629357983381
-0.372459589027345
-0.669214014338406
0.681124746289308
0.0695801911260236
-1.31156881172467
0.630821876176283
0.285054450432331
-1.47714045736289
~
-0.337822998978217
-0.985767834576403
-1.26215795670023
-0.497942113381452
-0.896535058572679
-1.03009825799488
-0.707758813932965
-0.607054589056219
-0.472058100479701
0.800179279456213
-0.369989133841419
-0.679956901307504
0.600894996037249
0.13594817463211
-1.37681048643737
0.599887952131824
0.280550855838063
-1.50296970087967
~
-0.333027595915958
-0.988306371814657
-1.26613527436983
-0.492256334070742
-0.898988032092391
-1.03399021253209
-0.698856684004019
-0.611545373316174
-0.472511119931859
0.796107030820006
-0.363711811833322
-0.685260106108276
0.588628267905249
0.135755978860007
-1.38602191733351
0.544656642461935
0.277167712054565
-1.5062837789677
~
-0.329008227833929
-0.99412893979058
-1.28059704818518
-0.484497937523592
-0.904916360042167
-1.04701296380204
-0.678666218596393
-0.624151260668947
-0.477790687433132
0.77714337247032
-0.382128217103569
-0.682394995326753
0.560224355872477
0.122180727129361
-1.37567741712775
0.500919466358847
0.282985860730701
-1.50719032929493
~
-0.364288317197462
-0.809323973211158
-1.03936194872526
-0.486358432490005
-0.734679069749744
-0.842926647138839
-0.643050289186868
-0.509908195053068
-0.374297914304753
0.55007573796792
-0.343808971231903
-0.605734123002124
0.338763358118252
0.110610029918553
-1.12413077155074
0.277825176708437
0.245963246358053
-1.2263072790817
~
----
@Left hand swipe right
-1.45130958465412
-0.245726139273561
-1.21650916830742
-1.11014420478179
-0.487335773223233
-0.86628899664195
-0.825759513073712
-0.418534230312237
-0.3897928958521
0.679332227726142
-0.627902360336911
-0.0784403082341891
0.632650293977998
-0.869666035556975
-0.685465721607808
0.599337417647455
-0.930667574074161
-1.00173601701085
~
-1.52436042601783
-0.173100122456003
-1.21864454313917
-1.32921402284088
-0.236206793309378
-1.03782422386474
-0.886557786367975
-0.355472866353765
-0.451232062456906
0.678862453988767
-0.626718443850944
-0.0785153745211203
0.647572341501882
-0.866232424513852
-0.701986982709343
0.598425677828632
-0.928657739705986
-1.00338648280547
~
-1.53782053127938
-0.0560760621360404
-1.22578262228156
-1.3499721481391
-0.166142940088805
-1.06581433698752
-0.912264342052578
-0.328870683326701
-0.487957087897954
0.676207784691975
-0.62606274178638
-0.0783282380358316
0.635219123029006
-0.868683838946852
-0.713035147511192
0.596358356678269
-0.926180555211198
-1.00355770367945
~
-1.51135256431102
0.0494690089867365
-1.27574654705036
-1.32385264615665
-0.0873565351857525
-1.09334841422413
-0.920412196863051
-0.325723094131033
-0.517361593599361
0.674501758119902
-0.624740651480969
-0.0773748958462025
0.634536908897214
-0.866622242088966
-0.714091508567924
0.594904021665112
-0.924510276349204
-1.00285347612493
~
-1.43236573495614
0.141748948493151
-1.32977789196095
-1.22821677365339
-0.0589266602882137
-1.09204813416316
-0.906535109583625
-0.306312889522379
-0.533085415794064
0.674136095488457
-0.625438574991031
-0.0774402252610615
0.629714194243777
-0.86983295193593
-0.719368483889326
0.593190315731786
-0.924653371957231
-1.00371004711081
~
-1.32509456283535
0.2124128923531
-1.35774706149208
-1.15617485210685
-0.0118311418402394
-1.12514437590706
-0.915520454482897
-0.261399732702225
-0.655486049380006
0.66755478556331
-0.622830994127847
-0.0791417143104993
0.620691715369202
-0.867351809184092
-0.721414264367383
0.587839802269615
-0.919831825162907
-1.00211069334404
~
-1.23969203066004
0.269257518068422
-1.39288866064694
-1.11746525553776
0.11433784461345
-1.22470343077954
-0.866521187179211
-0.220875520097415
-0.715341670054877
0.659853229924492
-0.621882479014625
-0.0799717311794402
0.61229391532568
-0.865360074756353
-0.723235795838762
0.584158787621793
-0.915547609591127
-1.00435141351879
~
-1.14498330511998
0.321675415737795
-1.42103229982283
-1.05159501314857
0.176667981032196
-1.26546665787143
-0.84300683647638
-0.213795259359083
-0.738505461455925
0.654616790292557
-0.624511377284384
-0.0798854772708237
0.605687889230821
-0.864152263120731
-0.714754907358404
0.580840713574218
-0.91433753115027
-1.00507273423135
~
-1.06025643975719
0.356347940875916
-1.43525954260113
-0.985830286924847
0.220947687537727
-1.30111245568974
-0.815023005029076
-0.209684774907775
-0.761328226674397
0.648937716780217
-0.626681048642557
-0.0795506122565221
0.599482535676642
-0.864479172671273
-0.718624454113394
0.578760858663727
-0.913497464096739
-1.00862314929847
~
-0.98475521403258
0.407437703483799
-1.46654912081108
-0.922547788828004
0.243442426501347
-1.33420603552979
-0.792634424818577
-0.210633432383214
-0.784328635829385
0.647046911045471
-0.633967872519842
-0.0784424847347092
0.597380251360936
-0.873363856483739
-0.725721787176751
0.577138125843767
-0.922211576918478
-1.01726263830567
~
-0.90319639181005
0.398578198372586
-1.4754841766944
-0.861947358660988
0.246395235413783
-1.35711295442057
-0.789061330460753
-0.214879286293711
-0.795056900693781
0.646221006086124
-0.639522493140583
-0.076505792870461
0.603709615528739
-0.872560689721881
-0.695263155370356
0.576495954867868
-0.930092963604143
-1.02418683023103
~
-0.842786500028941
0.398953113681468
-1.49403194650344
-0.812329224497853
0.235575808279027
-1.3750778988679
-0.779970082378136
-0.257248486284961
-0.792596671239876
0.645213374218166
-0.650328109901794
-0.0764905411221327
0.604081449277187
-0.883694203371337
-0.690932132391616
0.5755639333123
-0.94427888790086
-1.03593729624797
~
-0.785062847065074
0.395657634633886
-1.51787434353567
-0.761197062270965
0.224609796534981
-1.377560186767
-0.766426758565378
-0.263313651192945
-0.80960820388909
0.643701945349292
-0.658256475766115
-0.077628840412761
0.588970504461135
-0.903586635094453
-0.727221124744687
0.573589136500895
-0.955320569243939
-1.04433273388366
~
-0.722956844973382
0.392087835930485
-1.52773599236363
-0.719523961312142
0.234131941096797
-1.39312034587331
-0.760291305489059
-0.275481478163104
-0.820956014820567
0.644120936704437
-0.665087009749115
-0.0768088117117008
0.585113446813476
-0.915276990215088
-0.737798317593233
0.574041707100176
-0.966622539586852
-1.0575305400304
~
-0.680476900689396
0.392437779604758
-1.55651799371962
-0.683495183219193
0.243061566311908
-1.42816860580893
-0.757860313559023
-0.29158171788381
-0.836554340525066
0.647081439339071
-0.67827818160988
-0.0796026319158937
0.592685352278296
-0.931857391451136
-0.760856634230047
0.576128878314694
-0.985917667407135
-1.08013992259023
~
-0.65432372885504
0.460700608556261
-1.63500401693285
-0.67068001860498
0.256976806025556
-1.4869452689296
-0.752592403061528
-0.290160036362079
-0.872334349163916
0.651236940269139
-0.70025609903714
-0.085836407052737
0.597477435041803
-0.96130472490353
-0.793670973708714
0.577857046019313
-1.01783821763775
-1.11550450017957
~
-0.635055913930961
0.489586934345723
-1.69655092354576
-0.666339879043054
0.249576644310836
-1.53141214483043
-0.779414899977875
-0.292976850489133
-0.901297292947433
0.654570438851111
-0.721828066500284
-0.0889165185485514
0.601523583016451
-0.991381716189284
-0.826356904343327
0.578715175315659
-1.05024770943178
-1.14943611353621
~
-0.620273212565299
0.373740469702853
-1.6976167253418
-0.686003667279688
0.241741723331698
-1.60891326788487
-0.840187448477735
-0.311800963488478
-0.932759180681546
0.662666210978625
-0.759427875995429
-0.09530800202096
0.608119946855499
-1.03859869800624
-0.821129214350371
0.585302628126497
-1.10628058692007
-1.21866024171851
~
-0.573612370581085
0.479829276342123
-1.8483257486555
-0.669625126298587
0.263390547060305
-1.71800882315321
-0.767397043084861
-0.074049530861404
-1.093646179096
0.695828364122174
-0.792178136339456
-0.0962140188080869
0.736740998229809
-1.04901586395768
-0.811769524600304
0.616520603606352
-1.15875455087559
-1.27918821561238
~
-0.52666955614434
0.372586713121776
-1.76304709076001
-0.600179858148071
0.261098979212111
-1.73539214335834
-0.742336630230981
-0.0652908349779617
-1.10915920707124
0.69792990386253
-0.79703522484529
-0.0948565164439209
0.741207875340634
-1.05971910126375
-0.818409752668798
0.619660797011998
-1.17056997706432
-1.29057443524604
~
-0.182972523206436
0.239446261719915
-1.31451923871609
-0.242707902106224
0.111494066849128
-1.23216630297297
-0.425891794969637
-0.0682796228465873
-0.78212960988609
0.638511416700249
-0.633387373518469
-0.0838513635111497
0.575102753918434
-0.857675971196917
-0.64731503959949
0.583832171166354
-0.898981120264283
-0.935604847049404
~
-0.158241478327013
0.255842587096886
-1.34446830426485
-0.213958535186286
0.12726425550655
-1.2517336762603
-0.426010280623569
-0.0741597549857201
-0.802389687709574
0.637363956364258
-0.642569942262423
-0.0779966175845827
0.514064428088961
-0.900899602291584
-0.638989270741912
0.583502408705407
-0.910945048050626
-0.94276592729585
~
-0.151213019838508
0.237374615935283
-1.37973698228465
-0.212094445705962
0.0751432333261481
-1.20677254059559
-0.409431542458265
-0.310512468351428
-0.641344606619285
0.643926035755648
-0.650714304495084
-0.0733546765064213
0.579952047434365
-0.873734598858282
-0.616167022484958
0.591739939223084
-0.924603635678624
-0.963582293360171
~
-0.136733766107962
0.21396038474016
-1.41906666568072
-0.178712325747797
0.114891779126027
-1.29812098162888
-0.504728704448683
-0.232538663495214
-0.766787172748356
0.642645225030576
-0.669619418554381
-0.0806358651221493
0.587059993986219
-0.904266693143549
-0.70188234071162
0.591042164272741
-0.950013618740724
-0.99623320393456
~
-0.0193418601720816
0.350892594519462
-1.55893188975522
-0.131349849461866
0.144768434449703
-1.3339746048477
-0.376203823656575
-0.0751750272106882
-0.860786911806241
0.643788862221931
-0.676734568681789
-0.0734666993164322
0.595075367890145
-0.91429843041988
-0.705173000309435
0.592927089087938
-0.961051320480994
-1.00359961798439
~
0.0058918140380284
0.353482746777844
-1.55231218085513
-0.0852554934581
0.16087682541961
-1.33609687995157
-0.373346201670293
-0.0893654786985538
-0.87557940425283
0.640075439245388
-0.682250961701337
-0.0729175289391043
0.685760091531616
-0.861510746800332
-0.605754817862504
0.592413416882072
-0.960183415993859
-1.00156812630089
~
0.0592286459420282
0.360068278185527
-1.52030477960892
-0.0443928350009406
0.172235615469831
-1.31873470928467
-0.3601681390303
-0.0887630508089338
-0.871182447957265
0.621404738111684
-0.671322891945091
-0.0770858848390344
0.659811376807706
-0.865015922191479
-0.597958021635055
0.574796008647585
-0.944046753193405
-0.994105838095298
~
0.0844457266295603
0.312657838217984
-1.42821964909454
-0.00696014437814204
0.178810999581931
-1.2900883258216
-0.340395270206376
-0.0855643608969787
-0.862578324825869
0.602269330876321
-0.651405361387401
-0.0714463671999721
0.617870801326307
-0.853846793837077
-0.58423898136922
0.558631729829433
-0.927727316907501
-0.983515342450639
~
0.154346598433145
0.363370846135386
-1.44769078387923
0.037636510783766
0.1991619012474
-1.29572859713401
-0.328388012967778
-0.0848005903654139
-0.862468149578804
0.595360613295046
-0.646425122507508
-0.0666717193153444
0.568143258428948
-0.870412373265285
-0.614972271190789
0.553413272852988
-0.927251469551951
-0.985082691108455
~
0.182705859964489
0.364836246312895
-1.45704751746832
0.0708614171733613
0.19762030287885
-1.30249478056966
-0.328384725779977
-0.0879577265161479
-0.86236279592342
0.589286607339847
-0.645619474475588
-0.0626065910407472
0.569871955772771
-0.86697675809621
-0.646290725834587
0.554697455498254
-0.938516635214723
-0.99894369500284
~
0.219652875973595
0.364443456898904
-1.4476414483875
0.103217457208104
0.199635929692231
-1.30169520932607
-0.329086833230193
-0.0953160307755849
-0.865418038544563
0.587334107360414
-0.645637492178056
-0.056777918733933
0.572620896475776
-0.878180174508057
-0.641015942451757
0.554568682926031
-0.944600323562873
-1.00508017292793
~
0.247931466251643
0.350359701579574
-1.42097857638943
0.136330856081955
0.200276201546723
-1.29300852761757
-0.293501642550381
-0.130753480048253
-0.845965573332194
0.587220823045731
-0.642307972205947
-0.0486425082031298
0.590111692474239
-0.877716664473102
-0.615132036752838
0.554430350959379
-0.946931690065127
-1.00663072555533
~
0.276763090688554
0.34397520779257
-1.39915667863787
0.163469951184998
0.201610193858667
-1.28211231943455
-0.283674804927014
-0.137366226212373
-0.842517574321669
0.586938621799908
-0.64441027559186
-0.0450642192204849
0.567330749500255
-0.892409767051747
-0.63688512783386
0.553860844912451
-0.950082471394013
-1.00974073590753
~
----
@Right hand pull down
-0.391352658279628
-0.795899466907641
-1.0577038787884
-0.539260749133373
-0.729424990306745
-0.881889207254016
-0.670234061854001
-0.485609929673299
-0.406976119855088
1.00262913155842
-0.0516533356507144
-0.332625816213844
0.922643755266027
0.609609232760469
-0.60248453368048
0.870834922949835
0.808598579126025
-0.639538914667223
~
-0.39622196356784
-0.803384673340287
-1.05883848422239
-0.538385237892307
-0.733750148225885
-0.879526829743344
-0.669664245256756
-0.489701562112102
-0.405520301769539
1.00182348763496
-0.0372027098159738
-0.336906955116257
0.922471582042963
0.609441227576681
-0.604689721456531
0.869094565334797
0.82772512032362
-0.651851408041135
~
-0.396239884768884
-0.804734138222035
-1.0542616038243
-0.538741481958765
-0.735482052399007
-0.874849232695361
-0.673763178971117
-0.488337404715755
-0.403908032515899
0.999383832578629
-0.0292887289282636
-0.340402535767002
0.919643342644514
0.613643693151784
-0.605524931737879
0.863919363791421
0.851985542984152
-0.656607522364879
~
-0.39166925293088
-0.804386253896764
-1.04881485713234
-0.53988628077604
-0.737265296425329
-0.87287636591275
-0.676033029287321
-0.488040662241438
-0.402956280610931
0.998680312330059
-0.0233426346358429
-0.344368440453602
0.93655877241196
0.461812656954257
-0.559532130585324
0.860764180578147
0.86061291786017
-0.653063790840294
~
-0.396541681824854
-0.809180228612471
-1.0524703932377
-0.539901492808218
-0.739270087279939
-0.873327726170334
-0.674794648295865
-0.490247189672925
-0.402910040278853
0.997062444913732
-0.0178305925310518
-0.347150576768182
0.903079269429749
0.623114395905314
-0.595087391517221
0.85743252670168
0.864942987379986
-0.648566875267539
~
-0.394772923182379
-0.81019428013862
-1.05099152656472
-0.539682031382408
-0.740670302475634
-0.872860205313469
-0.67404065035462
-0.491853284901143
-0.402502391417087
0.995866717071939
-0.015138339975599
-0.348967678002959
0.932401877940633
0.467235673871719
-0.569966992423852
0.854957037457147
0.86732362047651
-0.647417156465354
~
-0.389856552008715
-0.808358847612642
-1.04798789314285
-0.538907010238684
-0.741600730965346
-0.87234449588916
-0.67248243793906
-0.493189844899395
-0.40229430153338
0.994584279324635
-0.0150544209215878
-0.353264782754294
0.89466268683296
0.621394815802512
-0.636768662741904
0.850230234317641
0.866987191058665
-0.661655308241396
~
-0.394987167705069
-0.811803789777298
-1.05120272096657
-0.539097762845443
-0.742008301488434
-0.872373905952683
-0.672139525056029
-0.493761717251696
-0.402041267683542
0.990642742632366
-0.0171245667569267
-0.362482397609976
0.929398269933902
0.450671118997598
-0.616122059909138
0.848016834332995
0.843581613298184
-0.701104879107695
~
-0.398912087782591
-0.812227516431988
-1.05058743252088
-0.540344274969251
-0.741299123543906
-0.869546613071189
-0.675510217646844
-0.49162855490992
-0.400095457036075
0.98346080210065
-0.022823580491545
-0.37803544768066
0.931458788774545
0.438181789793909
-0.648651470233205
0.846374289909084
0.816185304818421
-0.750638368094638
~
-0.400883810681254
-0.813143196366213
-1.05187484987937
-0.541441499099565
-0.74140570234566
-0.869836166743206
-0.675774064586068
-0.492161277434494
-0.399060900844061
0.981009902435315
-0.0334598398400426
-0.392485835817463
0.931874321525921
0.423511839190239
-0.67271028151529
0.846000031035052
0.78691600854084
-0.785665710042022
~
-0.396454666361062
-0.812168929309069
-1.05052423612934
-0.540875959266851
-0.742268727569779
-0.87050796557321
-0.679693727671889
-0.491967541374431
-0.401578082492978
0.977782414965974
-0.0447231815706574
-0.402126293443568
0.934141331293612
0.405949615609638
-0.694799744831017
0.848512950601316
0.761887780347424
-0.814446021980457
~
-0.400654349857953
-0.812912961520991
-1.0529256896609
-0.54205322174802
-0.741496801563291
-0.870278039696604
-0.679457888706349
-0.491419807446791
-0.399501348899996
0.974531094491966
-0.0550440007435095
-0.409492806503329
0.937240382576865
0.389891514187483
-0.714764959954545
0.852041463792138
0.734016266730448
-0.838762991598228
~
-0.402678507951126
-0.813332484561631
-1.05515972802976
-0.542249570819379
-0.741189429468239
-0.870955678157848
-0.683426167705317
-0.490241941702081
-0.401350602217734
0.968545867179515
-0.0667498993089195
-0.409703511014344
0.941650313632384
0.365794415000314
-0.736066505348634
0.85391841549762
0.702447488507791
-0.86812387815991
~
-0.403723061214515
-0.813743258658037
-1.05633448719232
-0.542774137106361
-0.741067833683064
-0.871566301834654
-0.686066714542562
-0.489133797412707
-0.402668525216216
0.966316314481588
-0.0658040503707122
-0.44513212776983
0.940531705281844
0.364717780238473
-0.775323660831861
0.864204503747282
0.656374757180639
-0.90258410868076
~
-0.395724210967182
-0.811291762703959
-1.05917992450624
-0.541068666178476
-0.74330684196992
-0.877430021666936
-0.681268168735814
-0.492914325387309
-0.406226116143039
0.9599366356026
-0.0962265018582426
-0.506830432288786
0.94056076645193
0.359148661518961
-0.798768882864014
0.871973024263533
0.608898968228731
-0.934965356614679
~
-0.39938863966441
-0.812253600729529
-1.05995948943317
-0.542003636947798
-0.741803429891864
-0.877001887911452
-0.680475737139949
-0.49141200569179
-0.404818772198242
0.956972447490298
-0.126357425822733
-0.516953549646116
0.939485128854427
0.323101623809563
-0.819811947220926
0.876705219537554
0.558102414078179
-0.968607911228525
~
-0.402912619921592
-0.811676992335211
-1.05876711714712
-0.542341586616767
-0.73990130215313
-0.87461526405117
-0.682522456367308
-0.488513703083947
-0.403988559107095
0.945079336971567
-0.155331039251076
-0.525819861554194
0.9374046026745
0.282860810052399
-0.846322688315085
0.880287647358958
0.50664230096636
-1.00118254121068
~
-0.396284830835958
-0.806106422495961
-1.05627659508562
-0.542791281688391
-0.739288536816838
-0.876668965799685
-0.673746117008876
-0.49200240019585
-0.401426822765124
0.932630009709772
-0.190641426054245
-0.52199758617453
0.930209421257139
0.230675926790256
-0.865968612251984
0.882803278651471
0.445581568217617
-1.02658002066821
~
-0.402371310120576
-0.807555643698951
-1.05621536172194
-0.542691088566612
-0.737102335838146
-0.873777135060835
-0.676378831473009
-0.489029391621423
-0.400192472046463
0.916671072508587
-0.216733256846822
-0.512797189852645
0.923866377051936
0.180005680583213
-0.886888372032433
0.891504812573102
0.382851133569694
-1.04258960017964
~
-0.403145373216342
-0.811129432676239
-1.06324832721391
-0.540364483764122
-0.738995021323937
-0.879674067791414
-0.674402633332048
-0.493300285030938
-0.405131714517809
0.905025284105335
-0.237147401451388
-0.501987519433322
0.918750065003067
0.13595521734066
-0.901196114782946
0.890624843274518
0.334567765549854
-1.06289701448003
~
-0.392215813739053
-0.809318104190323
-1.0697066073159
-0.538518062326323
-0.742806551332799
-0.891806359893096
-0.663286250927577
-0.503941916937538
-0.411356722128703
0.888326816219549
-0.341668767979795
-0.412546081758257
0.911864692294472
0.0908473008638975
-0.908141402480551
0.890049497130621
0.283554113518838
-1.08337799748293
~
-0.373796557019139
-0.860809611523902
-1.16084031613389
-0.539217674447149
-0.743493685360359
-0.896782635740428
-0.654461245181533
-0.509167846129483
-0.411830215579023
0.867362541730418
-0.338879864038822
-0.368584299784962
0.908654662143067
0.0414784350822745
-0.918261398984796
0.886906060952195
0.233386086419994
-1.09667588813189
~
-0.529176011763319
-0.780151236865258
-0.946526784707423
-0.541566412652302
-0.739809371802044
-0.893529657840636
-0.65423612211266
-0.506029965595327
-0.40809715787243
0.860486341600766
-0.351958526062908
-0.372253040691634
0.905372303099699
0.00517384686993276
-0.935720661640363
0.88174220949505
0.186597105634491
-1.12103599803332
~
-0.529482108547343
-0.779996853403579
-0.947374887275861
-0.544889425715632
-0.731098288006299
-0.875304726538007
-0.671633441938278
-0.489659188569723
-0.398236740364297
0.820818037717636
-0.342266977944044
-0.312068123197196
0.900973899461339
-0.0299846009419306
-0.960344698809053
0.876323590581601
0.136460232495152
-1.14444423955177
~
-0.530627944848675
-0.779206897788383
-0.947526183179302
-0.543630777185508
-0.736229146172998
-0.889393731839353
-0.662549098920211
-0.501024932453337
-0.407261133783838
0.80034679478907
-0.339645330878736
-0.27467009213277
0.919931548032995
-0.261444406481681
-0.808276558455069
0.867254545826023
0.0472784307189281
-1.14256588651666
~
-0.530977131471089
-0.778266677702823
-0.947968821113725
-0.546637975903313
-0.729803099825997
-0.877870117715516
-0.672030457051816
-0.489373692926981
-0.401426078395354
0.784143766163191
-0.348248394656041
-0.24518162710477
0.903583204065549
-0.26975029290027
-0.791780666962557
0.86449107724993
-0.00739470932571403
-1.14060043965896
~
-0.531029631808592
-0.77690478915482
-0.948387137096798
-0.546932480050894
-0.728711134173017
-0.880269049223772
-0.668504041057074
-0.49167082466675
-0.402481899804604
0.774902251158857
-0.360135657455569
-0.236753176793541
0.823425321229975
-0.174990690236837
-0.870966926374416
0.860728905860802
-0.057819949737321
-1.16026463154623
~
-0.531103091617879
-0.775553437290197
-0.947956299857206
-0.547719640928346
-0.726640721081362
-0.878577073766199
-0.668052386281541
-0.489817029080751
-0.401790148100647
0.790409695099183
-0.379884436205392
-0.316425781378663
0.830975010182108
-0.192897728622554
-1.02286472732703
0.855158955493368
-0.109991051188269
-1.17280746011644
~
-0.528698409767671
-0.775185248894193
-0.949866975109922
-0.547329006554139
-0.726057669518679
-0.881562384724513
-0.660939550954762
-0.492582683762446
-0.403079996185806
0.782581381190171
-0.373754108104886
-0.435033537670043
0.900513412714371
-0.299782458810392
-1.04950116129185
0.838701988015111
-0.146044113529633
-1.20371716251856
~
-0.528453771114529
-0.772990306312679
-0.948778119033821
-0.547580998249258
-0.721899018601105
-0.876028184521615
-0.665065238043208
-0.488729398757581
-0.400069156187128
0.789375095791411
-0.369473370537218
-0.351451751114269
0.815326683698444
-0.402414219582163
-0.896676140847596
0.839189757140112
-0.263682599109077
-1.15271146978679
~
-0.529193036024678
-0.772401368204409
-0.949178263348275
-0.548706027135305
-0.72072477484253
-0.87559496567042
-0.664078379314513
-0.489088381214065
-0.399621219165827
0.746880993430632
-0.398923215126176
-0.203324254017749
0.809705126824227
-0.46698095466105
-0.80971618497752
0.814686573560879
-0.262120496961459
-1.27082542778798
~
-0.540039749063285
-0.767758865943137
-0.939400448688773
-0.549435934748526
-0.716098028302181
-0.869091536912996
-0.66856702943933
-0.482836776005037
-0.39653148197225
0.690023794024924
-0.266017959354207
-0.386358359459839
0.770212170046682
-0.297040023641665
-1.0101245079639
0.810634563124465
-0.292803426670933
-1.29507338161164
~
-0.538799940032107
-0.766583696165654
-0.940127594456807
-0.54925341521971
-0.715222502541771
-0.871597316722394
-0.662869584497339
-0.486171448979651
-0.39729322130171
0.677074086273682
-0.283319467218794
-0.38050215183287
0.727795938820885
-0.320144978466789
-1.10102045233567
0.799028929330013
-0.336281290479331
-1.3039685253516
~
----
@Right hand push up
-0.412319866968666
-1.07283137333888
-1.00636911658657
-0.524275594747289
-0.967430457094802
-0.786609222710688
-0.717226760805384
-0.655088134453466
-0.263779145667518
0.740325640219444
-0.667604061915118
-0.148843421782382
0.608503537052113
-0.130635695202291
-0.442869954005933
0.6066259512829
0.113804822713678
-0.332492389014699
~
-0.41440658413898
-1.06539461019862
-0.999389648818839
-0.523627224989607
-0.957919539303462
-0.780807639720079
-0.71483752212684
-0.648539821647809
-0.258550641681892
0.736770525850195
-0.681121804630683
-0.10308277204314
0.597755358310748
-0.151989401255407
-0.403586964749848
0.645762472266745
0.0952398192188474
-0.3150926531386
~
-0.41478050392954
-1.05481672748647
-0.996543598144967
-0.524039070939857
-0.948959352665465
-0.778626502373264
-0.713392989728868
-0.640426262353671
-0.257990249364993
0.72999757813253
-0.687837087582176
-0.0781452506945566
0.602858400831541
-0.12885059619422
-0.375732636314626
0.630564347137345
0.118350530685051
-0.282163829304758
~
-0.413857311557792
-1.0410801898452
-0.993103913845654
-0.525378036389071
-0.940656068354568
-0.775337073686337
-0.713136875171353
-0.633221884083163
-0.256676820325332
0.719068984089839
-0.693075928410548
-0.0610524996869306
0.600788552954141
-0.123336614125736
-0.366064892133144
0.60071159726539
0.122053225399368
-0.267433597703876
~
-0.413828448626885
-1.0339260645615
-0.991751284915724
-0.526154280044449
-0.935436301223087
-0.774948945874715
-0.711473480564974
-0.629788219588363
-0.257376582432734
0.710311694063248
-0.692635218592328
-0.0545563925262307
0.608042060390837
-0.16485445126145
-0.357705345992616
0.603727557341951
0.0865380579774312
-0.279578323862326
~
-0.412142141443982
-1.02605117702338
-0.99314375029998
-0.518192312840039
-0.926243274836472
-0.774896216879368
-0.712000794635841
-0.627440264755875
-0.258690132775765
0.702145034357534
-0.692850563662523
-0.0505213879988811
0.603645598914733
-0.170033511131433
-0.360603720225836
0.607980098728016
0.0825157894819955
-0.289608163007028
~
-0.413759044103462
-1.02500214305856
-0.992906242625201
-0.520578414493955
-0.925570981151541
-0.776241995418244
-0.712753111722351
-0.627364862114215
-0.26087343760217
0.697296260310842
-0.69437208641689
-0.0502406052698848
0.60064993434254
-0.173927835645853
-0.362265679347121
0.496674697508915
-0.0267472552762418
-0.292928402073656
~
-0.415105233089261
-1.02622148900331
-0.995765088630898
-0.522111795973332
-0.925923391607307
-0.779970823135578
-0.712927782172469
-0.628508288302729
-0.26397910983276
0.693341925362582
-0.694694869545761
-0.0534470031368457
0.599740168453929
-0.174929215455409
-0.36709341022424
0.621720598517562
0.0765489957663043
-0.301116934653917
~
-0.380049729439486
-1.00340164809074
-0.987551652060549
-0.518892098774271
-0.922053852894934
-0.783493301383769
-0.711379188313632
-0.628618771019898
-0.268386118095222
0.687344622820972
-0.691131817648524
-0.0618693604963857
0.597396825321116
-0.174646134009212
-0.378284675508102
0.609181843135169
0.0758157641988823
-0.309988300446014
~
-0.376523576002815
-0.997384189363718
-0.985465015342633
-0.522392954762229
-0.920114569391644
-0.786044399110369
-0.71302292662964
-0.627338684543567
-0.272395278984858
0.682032933359529
-0.68552919533417
-0.0733482320919303
0.593337606112222
-0.172003311300296
-0.391210315580539
0.602682335934425
0.0774425048098075
-0.32260692285021
~
-0.378396095368292
-0.998497896703181
-0.987808695484372
-0.52460425453141
-0.921093529002963
-0.788444324641544
-0.712652115982946
-0.628523435716458
-0.272823333205255
0.685373247373234
-0.679398485433818
-0.0864720888050071
0.596221372987702
-0.165276777125823
-0.404490710362489
0.601640007919713
0.0842295524573087
-0.334981154578687
~
-0.384019266037381
-1.00556820486934
-0.999496120080373
-0.527470375016313
-0.924579384615907
-0.798388321336074
-0.714585486233005
-0.630215270225432
-0.280537839120758
0.690398473246238
-0.678220688027075
-0.101118222234613
0.606866046651635
-0.160916819415841
-0.4200013525641
0.602035116149226
0.0925641483694646
-0.362505780536077
~
-0.382809023824214
-1.00611341032191
-1.01897731856291
-0.530624418015805
-0.927123810928621
-0.818893031198851
-0.71797123451051
-0.631446820308492
-0.298616607945864
0.696297251800617
-0.676899187615875
-0.133795261220336
0.612271058553504
-0.153913241510836
-0.44764669011496
0.610133242548115
0.10314977122555
-0.402519205203885
~
-0.374349690076285
-1.02787626841964
-1.10651733999968
-0.52712416245882
-0.947047294271558
-0.901409592179645
-0.718910088450627
-0.643772431147281
-0.365701348645129
0.734274956154856
-0.67741461169835
-0.223559703729696
0.649131963862016
-0.135322403363774
-0.538323131195394
0.639807616682698
0.126694225739169
-0.481728414267605
~
-0.374645892930888
-1.02700614127817
-1.11643213949087
-0.527636497233853
-0.946624345810175
-0.91175136704517
-0.718250740216408
-0.64275843027153
-0.376425211906841
0.735600718094164
-0.672107839189617
-0.253500252947247
0.648733730780156
-0.129678009956313
-0.566253750402362
0.645404629235537
0.134193245709764
-0.520183435499037
~
-0.373724366799355
-1.02308025328453
-1.12427205274291
-0.527316924460454
-0.943349381296827
-0.920742328996445
-0.715650723503336
-0.640493095445902
-0.385517830975161
0.740332253060399
-0.657905780070577
-0.293408707544727
0.64208179529765
-0.115585903897405
-0.599733296185851
0.643757733212961
0.147808496824401
-0.55509407317118
~
-0.37341505495305
-1.02165369820005
-1.12642545873722
-0.527533330897318
-0.942064589142014
-0.923231411222327
-0.716210418830476
-0.637711046670978
-0.388457584385924
0.751184174156679
-0.635680514852626
-0.339219582507458
0.636838571605841
-0.090474974012884
-0.634292236623476
0.643097374622757
0.173632492470314
-0.594508763527932
~
-0.370917921507252
-1.02009461584434
-1.13053270500574
-0.524657862418541
-0.939774567824725
-0.926568752820129
-0.718607154842377
-0.637769003305201
-0.390030493157858
0.754953993444814
-0.637074746945082
-0.347505667246686
0.641855066763269
-0.0966061961246627
-0.657073024972403
0.655313002730102
0.168599027417525
-0.622814132955382
~
-0.377813443223072
-1.01765612887604
-1.12870127265152
-0.531801022051085
-0.938050953970165
-0.923912263184556
-0.721086982394309
-0.630832528198976
-0.386386922975938
0.784008483773822
-0.608623674001735
-0.409236074251797
0.636425668488318
-0.063442886817499
-0.696449981273822
0.673996179947773
0.156696410062284
-0.635047888066571
~
-0.37890734260804
-1.01314686461107
-1.12396500915752
-0.532663228617897
-0.933772951493728
-0.920295690601735
-0.719524827004495
-0.628248479249197
-0.383162753191498
0.789898497382012
-0.596634816389083
-0.434934267312082
0.637724112411373
-0.0558072913675657
-0.724264582563674
0.684427114299623
0.180301154151462
-0.666046166064404
~
-0.380666667327942
-1.01455010237903
-1.12608145879798
-0.535262814623183
-0.93526624389153
-0.922156830431281
-0.721672810332277
-0.626474415203386
-0.38405019412109
0.800747810014072
-0.55635715334483
-0.493200154786987
0.630566393328001
-0.00772626746489559
-0.758714327248679
0.698671285745817
0.183716419439189
-0.705578309141081
~
-0.38338358320737
-1.00768029054783
-1.12401654503509
-0.537925720787563
-0.928056872023465
-0.919629944758636
-0.724018408550921
-0.61729810204933
-0.380583919122124
0.804021818762765
-0.529118494857127
-0.523588874334004
0.65739069629303
0.0219943684764489
-0.803307716810168
0.674416269661328
0.288904737726789
-0.781719881821894
~
-0.396938549683494
-1.01089577538478
-1.13152822877165
-0.540652421488205
-0.925184468733836
-0.921392999133976
-0.721923273137974
-0.616150915401284
-0.377883152552068
0.808650497448821
-0.516214964180783
-0.541882599914407
0.657426099961654
0.0356227206755587
-0.8205426794512
0.711487307575516
0.193393730536834
-0.757698530451793
~
-0.442122270163962
-1.04233533102402
-1.14105744147754
-0.544185868796943
-0.923977055604983
-0.9203499957053
-0.725977094851774
-0.610026455808344
-0.37672093480035
0.812426717906814
-0.504218146094068
-0.561596724676974
0.659200828491436
0.0521982715018191
-0.83532291475659
0.718631170579848
0.196339268161445
-0.781622899616659
~
-0.436307008113467
-1.03672016842914
-1.13969762106274
-0.545067135434794
-0.920446956687201
-0.9197557984601
-0.72663482862791
-0.60739184233357
-0.375441133675778
0.801889720793065
-0.521109015450139
-0.573285247339035
0.69331967384346
0.0420648763925856
-0.855658059613813
0.721136444348909
0.199943133211086
-0.802205580577221
~
-0.436982170896107
-1.02376780130231
-1.13028406551861
-0.546389560963166
-0.908594135729193
-0.910859550821149
-0.726937959775849
-0.59724391187347
-0.369794917073297
0.818145729813855
-0.620636078194323
-0.460203029044311
0.702069668397575
-0.0242036533703306
-0.826896584845058
0.719902401459894
0.204259075803372
-0.820693485280596
~
-0.434141597424116
-1.01716533671367
-1.13002262945224
-0.546763457793599
-0.904945069952253
-0.909720657450365
-0.727023891129049
-0.594903596827461
-0.367751623628052
0.774608260021924
-0.551007550655526
-0.56650994453181
0.699118645037198
0.0103698787571232
-0.855900709569284
0.722405564636345
0.207013876183918
-0.840909137299877
~
-0.433945116257671
-1.01170515710581
-1.12572208057095
-0.546900770142628
-0.899240086113243
-0.905450079996927
-0.727381151626435
-0.590215711215274
-0.364227306478646
0.798427439394036
-0.492504772719036
-0.608836578416879
0.689366380361377
0.0633363561878343
-0.895718103109208
0.724672327854493
0.209751670790845
-0.863539022538436
~
-0.431145904493264
-1.00277761553115
-1.12200330718461
-0.542109549712928
-0.891042148794147
-0.900447379420353
-0.72797638117169
-0.585169651615323
-0.360791723608876
0.783051677381034
-0.52546553471983
-0.592925724603731
0.704396819161317
0.0254911942514713
-0.898221639763953
0.731704298310489
0.20493979074134
-0.896679964585984
~
-0.432136423115008
-0.99488504955867
-1.11685850648802
-0.544656344808052
-0.886434705651085
-0.894976293822827
-0.729646730872814
-0.579368660887677
-0.357731130045752
0.77760674990593
-0.528493054437417
-0.595510586255135
0.708552537867333
0.0231787868728292
-0.923349765233114
0.731742275763648
0.205667669636665
-0.927429803697724
~
-0.43361891544292
-0.989461768349805
-1.10840308310872
-0.547408752348132
-0.879625793205005
-0.888107326872071
-0.732456397345738
-0.571923492027085
-0.352438991044698
0.7699209580242
-0.519850792037319
-0.609687841132741
0.713655646522553
0.0348752161841987
-0.957145703482868
0.730344505760003
0.21012011975171
-0.960548213602156
~
-0.435312424055014
-0.984075467535337
-1.10388772575779
-0.548239959290581
-0.875715920499153
-0.882899190226292
-0.73368851305686
-0.567717554804332
-0.348954851597084
0.764278028466989
-0.512097144548838
-0.620780357334163
0.715287921190675
0.0505403056482329
-0.988295112476383
0.729546874140644
0.211174345892717
-0.993634749193067
~
-0.435918697053371
-0.980742154297778
-1.10152344126016
-0.549095883945541
-0.874130276010908
-0.880246274091071
-0.729816243050835
-0.567806280735308
-0.344629358082201
0.769362200981337
-0.522615802812457
-0.611194763053066
0.714519094405775
0.0585143192964237
-1.01287804789499
0.726809848519897
0.210314542226055
-1.02439405033105
~
----